534 INDEX AUCTORUM.

355, 11. 357, 32. 359, 14. 24, 10. 25, 31. 28, 27. ς
360, 16. 362, 4. 365, 17 et 10. 48, 31. 50, 7 et 34. 3
34. 369, 21 et 30. 372, ι. 20. 56, 3ο. 60, 3. 61, 1

374,12. 378, 25. 381, 3 et 64. 9. 67, 6. 71, 5 et 2
23. 382, 32. 384,·35. 386, 78, 21. 81, 10. 83, 12. 8

30· 389, 22· 390, 34- 393, ¹4· 88· 5· 89, ι6- 94, ¹
30. 401, 32. 403, 28. 406, 97, 13. 100, 26. 106, ε
10. 407, 11. 410, 26. 413, 107, 12. 114, 22. 116, ae
1. 414, 25. 416, 30. 419, 117, 20. 119, ¹⁴- 120, 2:
24. 423, 12. 426, 33. 429, 124, 27. 126, 7. 129, 15
27. 434, 26. 440, ι. 441,4. 130, 15 et 27. 132, 21- 133,
442, 24. 443, 14. 446, 16 et 29. 135, 30. 139. 22. 140,
27. 447, 12. 448, 7 et 23. 33. 141,9. 142, 30. 143, 2.
449, 33· 455, ¹· 458, 23· 144· 30· ι46, 27· Ι48, 5·
462, 4 et 26. 464, 18 et 35. 154. 14. 219, 4. 220, 12.
468, 16. 469, 35. 472, 9 et 358, 16. 359, 23. 441, 10.
28- 473219· 474, 14· 475, 481, 19· 599, 8· 5¹6- ¹·
13. 481,23. 484,15. 485,10. 518, 17. 526, 12.

488, 29. 489, 32. 492, 23. Theodorus Monachus. 169, 26.
499, 27. 502, 4. 503, 12. 175, 7. 183, 8. 188, 14.
505, 34. 508, 30. 510, 11. 199, 19. 202, 22. 212, 14.
511, 29. 512, 25. 513, 4 et 226, 29. 239, 32. 248, 4.
32. 515, 11. 517, 5. 518,9. 260, 5. 263, 7. 265, 10.
520,29. 521, 19 et 24. 522, 291, 3. 321, 5. 328, 24.
11 et 20. 523, 1ο. 525, 28. 365, 7. 367, 1. 379, 6. 387.
526, 7. 527, 11. 528, 10 et 11. 392·3s· 394, 24. 395, 27.

21. 397, 27. 404, 10. 411, 16.
ἔκ τῶν εἷς τὴν ἔξοδον 348, 14. 414. 25. 416, 4. 417, 11.
ἐκ τοῦ εἷς τοὺς Λευῖτικοὺς, 481, 10. 420, 21. 431, 24. 462, 29.
ἐκ τῶν περὶ αἱρέσεως. 469, 21. 477, 19. 478, 8.

Theodorus 6, 3ο. 11, 28. 12, 479, 13. 480, 8.
12. 14, 3. 17, 30. 18, 14—

