INDEX AUCTORUM

E QUIBUS CATENA IN ΕΡ. ΑΙ) ROM. CONTEXTA EST.

AcAcms 46, 31. 53, 1. 329, 5.

Αηοῗιγῃῇῗει38, 16. 53,11. 62,1.
77, 19. 178,13.

Apollinaris 5, 18. 6, 3 et 20. 7,
1, 9, 17 et 30. 8 passim. 9, 5
et passim. 10, 19. 11,13, 20
et 24. 12, 8. 15, 29. 21, 8
et 14. 26, 31. 30, 2. 31, 2
et 17. 35, 20 et 27. 37, 22.
84, 13. 91, ιο. 95,16. 138,
4. 152, 27.

Apostolus 379, 12. 442, 6. 444,
85 497·32·

Basssius 174, 14. 217, 20. 228,
16. 229,19. 234,19. 242,
12. 266, 23. 267, 5. 286, 23.
414 29· 443 32· 469 Ῐ3·

ἐτκτῶνάσυηκῶν432, 1. 434, 29.
446 3· 447 7· 452· 5· 455
6. 486,13. 526, 15.

ἕκτ των ἀντιρρητι κων 317, 26. 427,

. 23- 496 25

ctc't vv? Οὐκ ἔστιν ab? to< ‘PCM‘ “axam
ὅΘώ e04349 9 356 4

ἐκ τοῦ εἷς λβ’ ψαλμον 303, 13. ε

ον’λγ 303, 28. εἴὸνςτ vsa& 303,
23.

ἐκ τοῦ περὶ εὐχαριστίας λόγου 450, Ι.

Caesarius 176, 12.

Chrysostomus 37,1. 163,5. 166,
11. 168, 30. 170, 23. 173,8.
177, 10. 179, 9. 182, 16.
184, 14. 185, 25. 186, 9.

188, 34. 192, 8. 193, 13

*a
ἢ

195, 14 197, 16 et 33. 200,
21. 206, 8. 210, 4et 27. 215,

12. 219, 16. 221, 19. 224,
14. 225,8. 227, 33. 231,12.
232, 10. 235, 1. 236, 32.
237, 27. 240, 4. 241, 12.
242, 30. 243, 30. 244, 20.
246, 5. 248, 16. 251, 5 et 9.
253, 12 et 33. 255, 23. 257,
15. 261, 3. 262, 8. 263, 15.
266, 28. 274, 20. 278, 18.
279, 19. 282, 33. 284, 9.
287, 16. 290, 11. 311, 23.
317, 21. 318, 17. 322, 10.

333234n 346‚33· 351,12.

357‚19. 358‚32· 359·29·
361, 17 et 28. 363, 8. 366,

9. 367, 28. 368,21. 370, 6.
371, 24. 372, 22. 376, 20.
377, 27. 379, 18 et 28. 381,
14. 382, 6. 383, 16. 386, 5.
388, 5. 390, 25. 391, ι3.
393·4· 394·4· 395‚6. 397,
19·.398·3· 399‚17· 403,10.
405, 4. 406, 24. 408, 29,
418, 30. 422, 10. 424, 24.
425. 26· 430- 3· 433·7· 436,
28. 437, 8. 438, 18. 439, 21.
440, 17. 442, 20. 443, 6 et
passim. 445, 5. 446, 8. 447,
18. 448, 15 et 28. 449, 14.
451‚5 et25· 452228- 454·
17. 457, 10. 459, 14. 461,
15. 462, 8 et 17. 463, 5 et
28. 464, 29. 465, 8 et 21.
3 v 2

 

