532

466, 32. 468, 6 et 30. 469,
24· 479. 9· 471. 25· 472, 18·
473, 22. 481, 29. 483, 10.
484, 10. 485, 10. 488, 20.
489· 7· 490· 22· 496· 9· 498·

9. 499‚31. 500, 13. 502,35.
503, 23. 504, 18. 506, 28.

508, 11. 509, 20. 510, 25.
17. 514, 9.
516, 13. 517,19. 518, 22.
519, 7. 520 1 et 21. 521,15.
16. 524, 11.

525, 34. 526, 23. 527, 10.

512,11. 513,

522, 7. 523,

15 et 22. 528, 1401 25.
κοῧτ κταὰ Ἰωάνννη 467, 14.
“‘'‹t>⁰v·<473 8.

tx

Clemens 291, 9. 369, 24. 372, 6.

Cyrillns6,9. 9,17. 16,3. 17,
4. 21,,21. 24,3et30. 27,10.
40, 16. 41, 30. 42, 10 et 12.

47,22. 49, 8. 50,17. 51,7,
53.32. 58,11. 62, 14. 75, 7.
79,11. 82,31. 86,13. 91,

18. 96,31. 97,27. 99,14.
101, 19. 105, 22. 106, 21.
114, 33. 118, 6. 119, 24.
121,9. 125, 26. 133,4. 135,
141,20. 143,12.
147, 19. 148, 31. 150, 29.
157, 9. 164, 34. 169, 13.

'⁷0’ ³³18} ⁷7¹ ’.13ῗρ ,18798ῑῖ

194, 12. 198, 19. 202, 32.
207, 28. 209, 17. 210, 19.
15. 218, 4.
220, 24. 221,8. 224‚7. 227,
14. 228, 24. 233,10 et 29.
234, 8· 237· 19· 240, 34-
246, 33. 249, 30. 250, 24.

253, 24. 254, 28. 258, 32.
264, 29. 275, 26. 282, 8.

283, 24. 308, 20. 328, 5.
335, 16. 353, 12. 358, 12.
359, 19. 360, 9. 362, 8. 364,
19. 366,27. 369,10. 370,
32. 371,6. 375,12. 376,4.
377, 16. 393, 16. 402, 21.
403, 23. 405, 30. 407, 21.
4¹0· 35· 4¹2· ²7· 4¹7, 34·
420, 15. 422, 26. 439, 7.

3. 138, 17.

180, 8.

211, 21. 213,

ΙΝ DEX AUCTORUM.

480, 15. 482, 31. 485, 14.

30. 329, 19.

ἐκ τῶν Θησαυρῧν 212, 32. 318, 4-
492, 29· 506·13· 507, ³5·

Dssdymus 196, 24.

Diodorus 48, 12. 49, 29. 52, 9.
55, 5. 57,32. 61, 20. 66, 32-
72,12 et 23. 74, 18. 76, 28.

81, 3. 87, 23. 93, 27. 98, 30.
100, 20. 105, 1. 108, 4. 1 14,

16. 115,29. 117,16. 119,4.
120,17. 123,32. 128,19.

130,19. 132, 2. 135, 7. 140,
6. 142, 20 et 26. 162, 17.

υῑὲζζςῑίξᾏξὲῥᾴἶ. ἒζῒ, ¹20³:

Alexandrinus 418, 22.

Eusebius 9, 25.

Euthalius 511, 26. 516, 3.

Gennadius 42, 30. 48, 7. 49, 24.
50, 25. 56, 26. 57, 16. 59,
28. 63, 27. 64,31. 68,3. 70,
30. 71, 24. 72, 9, 17 et 28.
73, 9 et 28. 78, 9. 80, 14.

83· 4· 87. 17· 89, 6· 97. 3·
98,18. 100, 6. 104,14. 105,

18. 114,13. 115, 7. 116,32.
118, 25. 123, 11. 125, 32.
127, 8. 128,10 et 29. 129,

11 et 27. 130,7. 133, ¹4-
134,15. 139,4et30. 141,6.
142, 8et28. 146, 13. 147,
31. 148, 24. 150,6. 151,3

et 34. 153, 29. 154,3et 12.
155, 2. 159,4. 168, 22. 171,

15. 175,3. 178, 30. 181,16.
185, 10 et 34. 187, 8. 192,
17. 203, 6. 208,5. 218, 9.
226, 20. 227, 23. 232, 24.
241, 30. 244, 11. 247, 16.
250, 16. 260, 18. 261, 21.
262, 31. 264, 13. 265, 29.

280, 13. 289, 31. 349, 30.
3542 16· 358· 19· 367» 9·
3689- 370‚3. 371‚31· 374·
29. 380,30. 387,7. 389,31.
39124· 39224· 395· 25· 401·
21. 410,21. 413, 8. 417, 26.

 

 

